by Valentina Erastova
15 Aug 2022
Edinburgh, UK


Apigenin across protonation states

Generated by Marvin Sketch

pH 	 %-1  	   %-2	   %-3	   %-4	   %-5	   %-6	   %-7	   %-8
0.00	100.00	  0.00	  0.00	  0.00	  0.00	  0.00	  0.00	  0.00
0.50	100.00	  0.00	  0.00	  0.00	  0.00	  0.00	  0.00	  0.00
1.00	100.00	  0.00	  0.00	  0.00	  0.00	  0.00	  0.00	  0.00
1.50	100.00	  0.00	  0.00	  0.00	  0.00	  0.00	  0.00	  0.00
2.00	100.00	  0.00	  0.00	  0.00	  0.00	  0.00	  0.00	  0.00
2.50	 99.99	  0.00	  0.01	  0.00	  0.00	  0.00	  0.00	  0.00
3.00	 99.97	  0.00	  0.02	  0.00	  0.00	  0.00	  0.00	  0.00
3.50	 99.92	  0.01	  0.07	  0.00	  0.00	  0.00	  0.00	  0.00
4.00	 99.73	  0.04	  0.23	  0.00	  0.00	  0.00	  0.00	  0.00
4.50	 99.16	  0.11	  0.71	  0.01	  0.00	  0.00	  0.00	  0.00
5.00	 97.40	  0.36	  2.22	  0.02	  0.00	  0.00	  0.00	  0.00
5.50	 92.21	  1.06	  6.65	  0.06	  0.02	  0.00	  0.00	  0.00
6.00	 78.83	  2.87	 17.97	  0.15	  0.14	  0.01	  0.03	  0.00
6.50	 53.63	  6.18	 38.65	  0.32	  0.94	  0.04	  0.23	  0.01
7.00	 25.71	  9.37	 58.59	  0.49	  4.49	  0.18	  1.11	  0.08
7.50	  8.50	  9.80	 61.25	  0.51	 14.83	  0.58	  3.65	  0.88
8.00	  1.87	  6.84	 42.72	  0.35	 32.71	  1.29	  8.06	  6.16
8.50	  0.24	  2.79	 17.43	  0.14	 42.20	  1.66	 10.40	 25.13
9.00	  0.02	  0.63	  3.93	  0.03	 30.10	  1.19	  7.42	 56.68
9.50	  0.00	  0.09	  0.57	  0.00	 13.72	  0.54	  3.38	 81.70
10.00	  0.00	  0.01	  0.06	  0.00	  4.97	  0.20	  1.22	 93.54
10.50	  0.00	  0.00	  0.01	  0.00	  1.64	  0.06	  0.41	 97.88
11.00	  0.00	  0.00	  0.00	  0.00	  0.53	  0.02	  0.13	 99.32
11.50	  0.00	  0.00	  0.00	  0.00	  0.17	  0.01	  0.04	 99.78
12.00	  0.00	  0.00	  0.00	  0.00	  0.05	  0.00	  0.01	 99.93
12.50	  0.00	  0.00	  0.00	  0.00	  0.02	  0.00	  0.00	 99.98
13.00	  0.00	  0.00	  0.00	  0.00	  0.01	  0.00	  0.00	 99.99
13.50	  0.00	  0.00	  0.00	  0.00	  0.00	  0.00	  0.00	100.00
14.00	  0.00	  0.00	  0.00	  0.00	  0.00	  0.00	  0.00	100.00


Dominate states: %-1    %-3	   %-5	   %-8. Others ignored


%-1    pH<6.5, charge = 0 → api2*
%-3	   6.5<pH<8.0, charge -1 → api0*
%-5	   8.0<pH<9.0, charge -2 → api3*
%-8    pH>9.0, charge -3 → api4*

system named api1* can be ignored, as not reprersentative

Checked the penalty - all OK

